=====iteration: 0
45.733380
v: 		[-0.052262,-0.041396,-0.027420,-0.054735,0.006391,-0.020553,-0.018941,-0.030190,-0.002895]
alpha_new: 	[0.000000,0.000000,0.000000,0.000000,0.003195,0.000000,0.000000,0.000000,0.000000]
=====iteration: 1
98.060255
v: 		[-0.029156,-0.040358,-0.072357,-0.019714,-0.041070,-0.057525,-0.015626,-0.023739,-0.031322]
alpha_new: 	[0.000000,0.000000,0.000000,0.000000,0.000000,0.000000,0.000000,0.000000,0.000000]
=====iteration: 2
43.780154
v: 		[-0.111323,-0.086750,-0.040499,-0.048818,-0.031410,-0.022680,-0.040802,-0.047612,-0.022878]
alpha_new: 	[0.000000,0.000000,0.000000,0.000000,0.000000,0.000000,0.000000,0.000000,0.000000]
=====iteration: 3
61.024350
v: 		[-0.017828,-0.003577,-0.018204,-0.006022,0.040935,0.012914,-0.033429,-0.013204,0.046794]
alpha_new: 	[0.000000,0.000000,0.000000,0.000000,0.011692,0.000000,0.000000,0.000000,0.017551]
=====iteration: 4
63.415154
v: 		[-0.041156,-0.048398,-0.075591,-0.021426,-0.025082,-0.010817,-0.075555,-0.032957,-0.017433]
alpha_new: 	[0.000000,0.000000,0.000000,0.000000,0.000000,0.000000,0.000000,0.000000,0.000000]
=====iteration: 5
151.433343
v: 		[-0.022146,-0.021167,-0.023489,-0.016215,-0.004920,-0.003142,-0.036719,-0.021131,-0.000769]
alpha_new: 	[0.000000,0.000000,0.000000,0.000000,0.000000,0.000000,0.000000,0.000000,0.000000]
=====iteration: 6
58.850201
v: 		[-0.056053,-0.024097,-0.044232,-0.051724,-0.011642,-0.039494,-0.025520,-0.076508,-0.013722]
alpha_new: 	[0.000000,0.000000,0.000000,0.000000,0.000000,0.000000,0.000000,0.000000,0.000000]
=====iteration: 7
40.249942
v: 		[0.008511,0.074457,0.063243,0.037254,0.051010,0.047274,0.025062,0.067619,0.065360]
alpha_new: 	[0.000000,0.020321,0.009108,0.000000,0.000000,0.000000,0.000000,0.013483,0.011224]
=====iteration: 8
168.274842
v: 		[-0.026441,-0.050134,-0.018232,-0.040620,-0.014031,-0.018872,-0.008600,-0.075677,-0.021182]
alpha_new: 	[0.000000,0.000000,0.000000,0.000000,0.000000,0.000000,0.000000,0.000000,0.000000]
=====iteration: 9
135.574635
v: 		[-0.040295,-0.045486,-0.012535,-0.028440,-0.020666,-0.014471,-0.022003,-0.062553,-0.013511]
alpha_new: 	[0.000000,0.000000,0.000000,0.000000,0.000000,0.000000,0.000000,0.000000,0.000000]
=====iteration: 10
73.581581
v: 		[-0.006677,-0.038027,-0.048694,0.001565,-0.013950,-0.011757,-0.011774,-0.022211,-0.006252]
alpha_new: 	[0.000000,0.000000,0.000000,0.000783,0.000000,0.000000,0.000000,0.000000,0.000000]
=====iteration: 11
77.930940
v: 		[0.065901,0.048734,0.047634,0.075939,0.089773,0.133644,0.040707,0.051281,0.058932]
alpha_new: 	[0.000000,0.000000,0.000000,0.001100,0.014934,0.058805,0.000000,0.000000,0.000000]
