=====iteration: 0
45.733380
v: 		[-0.018850,-0.047297,-0.014429,-0.031244,-0.003624,-0.029166,-0.017326,-0.033023,-0.022595]
alpha_new: 	[0.000000,0.000000,0.000000,0.000000,0.000000,0.000000,0.000000,0.000000,0.000000]
=====iteration: 1
98.060255
v: 		[-0.024655,-0.043070,-0.076238,-0.025395,-0.046455,-0.070509,-0.028250,-0.021325,-0.033408]
alpha_new: 	[0.000000,0.000000,0.000000,0.000000,0.000000,0.000000,0.000000,0.000000,0.000000]
=====iteration: 2
43.780154
v: 		[-0.067853,-0.088151,-0.057522,-0.053191,-0.037234,-0.030903,-0.030510,-0.046048,-0.027070]
alpha_new: 	[0.000000,0.000000,0.000000,0.000000,0.000000,0.000000,0.000000,0.000000,0.000000]
=====iteration: 3
61.024350
v: 		[0.001888,0.003700,-0.008682,-0.000802,0.038765,0.012176,-0.042837,-0.031967,0.073032]
alpha_new: 	[-0.019705,-0.017894,0.000000,0.000000,0.017171,-0.009417,0.000000,0.000000,0.051439]
=====iteration: 4
63.415154
v: 		[-0.019848,-0.054039,-0.098920,-0.034242,-0.043139,-0.017898,-0.119989,-0.036932,-0.038569]
alpha_new: 	[0.000000,0.000000,0.000000,0.000000,0.000000,0.000000,0.000000,0.000000,0.000000]
=====iteration: 5
151.433343
v: 		[-0.018166,-0.032746,-0.053522,-0.026335,-0.025547,-0.012616,-0.061099,-0.036803,-0.019648]
alpha_new: 	[0.000000,0.000000,0.000000,0.000000,0.000000,0.000000,0.000000,0.000000,0.000000]
=====iteration: 6
58.850201
v: 		[-0.052925,-0.025624,-0.063430,-0.060278,-0.016510,-0.055882,-0.038513,-0.085509,-0.023583]
alpha_new: 	[0.000000,0.000000,0.000000,0.000000,0.000000,0.000000,0.000000,0.000000,0.000000]
=====iteration: 7
40.249942
v: 		[0.059516,0.074478,0.027969,0.047534,0.037232,0.046552,0.010410,0.070921,0.049017]
alpha_new: 	[0.014851,0.029814,0.000000,0.000000,0.000000,0.000000,0.000000,0.000000,0.000000]
=====iteration: 8
168.274842
v: 		[-0.025268,-0.036792,-0.024461,-0.031568,-0.015001,-0.016469,-0.002011,-0.079406,-0.023285]
alpha_new: 	[0.000000,0.000000,0.000000,0.000000,0.000000,0.000000,0.000000,0.000000,0.000000]
=====iteration: 9
135.574635
v: 		[-0.050384,-0.050565,-0.025926,-0.035823,-0.030553,-0.021855,-0.028705,-0.085153,-0.027010]
alpha_new: 	[0.000000,0.000000,0.000000,0.000000,0.000000,0.000000,0.000000,0.000000,0.000000]
=====iteration: 10
73.581581
v: 		[0.005998,-0.028676,-0.050502,0.002417,-0.018469,-0.004591,-0.022568,-0.022531,-0.001860]
alpha_new: 	[0.002999,0.000000,0.000000,0.000000,0.000000,0.000000,0.000000,0.000000,0.000000]
=====iteration: 11
77.930940
v: 		[0.042369,0.002800,-0.004024,0.050823,0.021546,0.077283,-0.006802,0.021417,0.019056]
alpha_new: 	[0.021185,0.000000,0.000000,0.000000,0.000000,0.000000,0.000000,0.000000,0.000000]
