8380.42,12441.4,5346.563733,26682.980903,32029.5
18069.5,16785.9,4519.722179,25682.825944,30202.5
26821.1,19798.3,5878.672281,16296.143278,22174.8
34592.7,21339.7,6518.699255,13227.114107,19745.8
41503.8,22308.3,6969.922472,11562.091653,18532
47755.4,22948,7283.934697,10557.353039,17841.3
53546.6,23401.3,7518.959254,9904.871100,17423.8
58846.5,23736.2,7702.565613,9494.651614,17197.2
63771.3,23987,7845.154315,9200.517238,17045.7
68349.5,24181.8,7960.149376,8947.760447,16907.9
72666.4,24335.2,8053.992316,8754.224276,16808.2
76732,24457.8,8131.150165,8596.898148,16728
80589.7,24556.6,8195.038907,8489.524685,16684.6
84269.1,24636.6,8247.604050,8406.927832,16654.5
87766.3,24704,8293.300485,8328.732978,16622
91096,24758.1,8330.027889,8280.595623,16610.6
94284.9,24804.1,8361.910274,8228.391595,16590.3
97365.4,24843.2,8389.476545,8194.160145,16583.6
100342,24876,8412.867957,8158.239991,16571.1
103217,24904.3,8433.350647,8131.635451,16565
105984,24929.2,8451.689551,8108.667545,16560.4
108685,24950.5,8467.541533,8091.796931,16559.3
111310,24968.6,8481.060538,8065.389567,16546.5
113849,24984.2,8492.781586,8052.145142,16544.9
116334,24998.6,8503.951004,8035.242227,16539.2
118751,25010.7,8513.261539,8022.673033,16535.9
121119,25021.1,8521.324060,8010.156696,16531.5
123432,25030.1,8528.313583,8001.941802,16530.3
125706,25038.3,8534.789807,7993.087325,16527.9
